[-0.8963127]
[-0.8866991]
[-0.86573124]
[-0.8441437]
[-0.83418775]
[-0.8307916]
[-0.8245497]
[-0.8139216]
[-0.8027703]
[-0.745263]
[-0.6369884]
[-0.5470587]
[-0.571128]
[-0.61833644]
[-0.57672065]
[-0.53905267]
[-0.49759138]
[-0.48907527]
[-0.5076773]
[-0.41099334]
[-0.439867]
[-0.5738074]
[-0.60853034]
[-0.64076716]
[-0.6022338]
[-0.62051815]
[-0.5796033]
[-0.5732401]
[-0.585485]
[-0.6257755]
[-0.63332015]
[-0.6205019]
[-0.5924407]
[-0.64556515]
[-0.562759]
[-0.49257395]
[-0.4831655]
[-0.4691573]
[-0.34536928]
[-0.18128417]
[-0.88649327]
[-0.878725]
[-0.8613661]
[-0.8423463]
[-0.8347674]
[-0.8326209]
[-0.83351785]
[-0.8258893]
[-0.8043659]
[-0.7492905]
[-0.6103359]
[-0.4771458]
[-0.55498666]
[-0.5760912]
[-0.55928797]
[-0.5090752]
[-0.4693755]
[-0.44856533]
[-0.4818768]
[-0.39941543]
[-0.44628888]
[-0.5588079]
[-0.59194106]
[-0.61895025]
[-0.57799417]
[-0.5771737]
[-0.5612318]
[-0.56301093]
[-0.5819164]
[-0.60533065]
[-0.60116905]
[-0.6079167]
[-0.59060293]
[-0.64252436]
[-0.56607175]
[-0.5153719]
[-0.48385274]
[-0.46168387]
[-0.31518942]
[-0.18298873]
[-0.8769355]
[-0.86638236]
[-0.8546239]
[-0.8423147]
[-0.8373245]
[-0.8341952]
[-0.8416813]
[-0.830323]
[-0.80178237]
[-0.74192566]
[-0.5932933]
[-0.4303066]
[-0.5376518]
[-0.5383387]
[-0.5354335]
[-0.49514964]
[-0.45240295]
[-0.42210177]
[-0.4468021]
[-0.3913952]
[-0.4232097]
[-0.5210996]
[-0.56255007]
[-0.5694572]
[-0.5453854]
[-0.5319205]
[-0.54366004]
[-0.5253709]
[-0.5721482]
[-0.5758874]
[-0.5850157]
[-0.5928696]
[-0.6031703]
[-0.63419765]
[-0.576136]
[-0.53764147]
[-0.509168]
[-0.45813888]
[-0.28569278]
[-0.18427266]
[-0.86696017]
[-0.8541313]
[-0.8398365]
[-0.8406595]
[-0.8403051]
[-0.8377387]
[-0.8468252]
[-0.82512087]
[-0.7900969]
[-0.7276399]
[-0.5716648]
[-0.459498]
[-0.5213129]
[-0.5014761]
[-0.49385914]
[-0.48276132]
[-0.43187797]
[-0.40397343]
[-0.41284943]
[-0.38929063]
[-0.38708317]
[-0.46226034]
[-0.52628905]
[-0.5251239]
[-0.51322025]
[-0.5126336]
[-0.5130668]
[-0.5215528]
[-0.5424349]
[-0.5516287]
[-0.5749047]
[-0.5933275]
[-0.6107362]
[-0.6285157]
[-0.57239175]
[-0.54297394]
[-0.5288844]
[-0.44411534]
[-0.26923412]
[-0.21297483]
[-0.8561523]
[-0.8423595]
[-0.82917655]
[-0.8293588]
[-0.8392419]
[-0.8426484]
[-0.8508222]
[-0.81437707]
[-0.7768603]
[-0.7054561]
[-0.5563004]
[-0.4940452]
[-0.50042266]
[-0.46554986]
[-0.45256227]
[-0.46416882]
[-0.41998506]
[-0.39037734]
[-0.3765628]
[-0.38756824]
[-0.37836453]
[-0.42721525]
[-0.48256433]
[-0.4609747]
[-0.48155648]
[-0.4956798]
[-0.4803587]
[-0.50944984]
[-0.51925063]
[-0.54489434]
[-0.5784087]
[-0.5859508]
[-0.6156662]
[-0.6116036]
[-0.56850135]
[-0.5361435]
[-0.5302267]
[-0.4440671]
[-0.27750865]
[-0.24949771]
[-0.84061307]
[-0.8292178]
[-0.82133543]
[-0.821023]
[-0.830158]
[-0.8414499]
[-0.8528903]
[-0.7999089]
[-0.7669209]
[-0.6788698]
[-0.5228661]
[-0.53703356]
[-0.48624694]
[-0.42401344]
[-0.4134367]
[-0.4292627]
[-0.4116993]
[-0.3629265]
[-0.36435172]
[-0.36246678]
[-0.36638883]
[-0.40281108]
[-0.43459746]
[-0.42204532]
[-0.46209934]
[-0.46254104]
[-0.47199592]
[-0.48640162]
[-0.5128982]
[-0.5503064]
[-0.574335]
[-0.57811725]
[-0.61630905]
[-0.59170043]
[-0.56789744]
[-0.5368591]
[-0.5572368]
[-0.46995795]
[-0.29181576]
[-0.2662575]
[-0.82165915]
[-0.81477135]
[-0.8124659]
[-0.8151814]
[-0.82390106]
[-0.8345906]
[-0.83185]
[-0.7853447]
[-0.75008696]
[-0.64171684]
[-0.52638817]
[-0.53498924]
[-0.47418496]
[-0.40219352]
[-0.3742596]
[-0.38117713]
[-0.3869833]
[-0.33557454]
[-0.341813]
[-0.3520553]
[-0.3401243]
[-0.3702278]
[-0.41792992]
[-0.40328178]
[-0.4468969]
[-0.43843845]
[-0.44255373]
[-0.47278497]
[-0.51728845]
[-0.5446078]
[-0.563867]
[-0.5716983]
[-0.60811114]
[-0.5563945]
[-0.5663882]
[-0.5751599]
[-0.572989]
[-0.4849294]
[-0.30700845]
[-0.28186992]
[-0.8021114]
[-0.80110824]
[-0.8031468]
[-0.80770874]
[-0.8144545]
[-0.8217468]
[-0.8087933]
[-0.7516548]
[-0.7333999]
[-0.5994381]
[-0.5408342]
[-0.507933]
[-0.45271823]
[-0.39370182]
[-0.33287668]
[-0.33873126]
[-0.35704815]
[-0.31148514]
[-0.33078712]
[-0.3247011]
[-0.34541136]
[-0.36243954]
[-0.3809546]
[-0.3875182]
[-0.3946283]
[-0.41563386]
[-0.42951047]
[-0.47270733]
[-0.5076266]
[-0.5304468]
[-0.5393703]
[-0.55935484]
[-0.5982457]
[-0.525695]
[-0.55767316]
[-0.599431]
[-0.57958966]
[-0.48100257]
[-0.32193726]
[-0.30098888]
[-0.78173554]
[-0.7845197]
[-0.7944179]
[-0.79959524]
[-0.8034948]
[-0.79486024]
[-0.7884193]
[-0.7203356]
[-0.6954326]
[-0.5495499]
[-0.5625289]
[-0.48851317]
[-0.43188635]
[-0.37313667]
[-0.3155603]
[-0.2913528]
[-0.32256982]
[-0.29196173]
[-0.31418985]
[-0.3030601]
[-0.30566072]
[-0.32858735]
[-0.36714917]
[-0.33621696]
[-0.36182183]
[-0.37985712]
[-0.41762745]
[-0.45454437]
[-0.48050866]
[-0.49240988]
[-0.51455206]
[-0.553757]
[-0.57543725]
[-0.49591425]
[-0.5431013]
[-0.5994557]
[-0.57641155]
[-0.48226592]
[-0.31892663]
[-0.3143109]
[-0.76100415]
[-0.76453274]
[-0.7851302]
[-0.794187]
[-0.7773849]
[-0.77797943]
[-0.76367134]
[-0.6845312]
[-0.65627646]
[-0.49500707]
[-0.5286898]
[-0.46383584]
[-0.40998554]
[-0.35554177]
[-0.29095954]
[-0.24795356]
[-0.29093638]
[-0.282748]
[-0.27403802]
[-0.29349288]
[-0.28902617]
[-0.31411237]
[-0.34057936]
[-0.28566408]
[-0.32719752]
[-0.35709926]
[-0.39911082]
[-0.42678848]
[-0.4420882]
[-0.47383383]
[-0.5070082]
[-0.5493651]
[-0.5403557]
[-0.46879253]
[-0.5277677]
[-0.58980215]
[-0.58915216]
[-0.48616534]
[-0.3128555]
[-0.32839298]
[-0.74020255]
[-0.7447205]
[-0.7736873]
[-0.7760416]
[-0.75881386]
[-0.7640748]
[-0.73391783]
[-0.6505886]
[-0.5911733]
[-0.48640776]
[-0.47537643]
[-0.42498848]
[-0.38473445]
[-0.330021]
[-0.26751903]
[-0.23061904]
[-0.24770106]
[-0.2614183]
[-0.22756374]
[-0.2691082]
[-0.2779213]
[-0.27522385]
[-0.28262338]
[-0.26320252]
[-0.30536336]
[-0.34279114]
[-0.3666935]
[-0.39377636]
[-0.4307727]
[-0.46064842]
[-0.50054026]
[-0.5340979]
[-0.4975333]
[-0.4368233]
[-0.52004445]
[-0.5870313]
[-0.61565083]
[-0.48498437]
[-0.3086071]
[-0.3385774]
[-0.71737844]
[-0.72449857]
[-0.7561731]
[-0.7487337]
[-0.74316746]
[-0.74690044]
[-0.6993989]
[-0.61045295]
[-0.5548048]
[-0.47590497]
[-0.42294854]
[-0.3752665]
[-0.3408501]
[-0.296436]
[-0.24874179]
[-0.21731128]
[-0.19263887]
[-0.21796104]
[-0.18920882]
[-0.24415623]
[-0.26251578]
[-0.24630329]
[-0.24359328]
[-0.24253272]
[-0.28126726]
[-0.31237403]
[-0.34241524]
[-0.38153765]
[-0.41511297]
[-0.44818267]
[-0.49093795]
[-0.5141147]
[-0.4592414]
[-0.39523688]
[-0.49860436]
[-0.5699496]
[-0.6256314]
[-0.46205112]
[-0.31173965]
[-0.33024365]
[-0.6913958]
[-0.7038934]
[-0.7119538]
[-0.7262702]
[-0.72596025]
[-0.7190045]
[-0.66866624]
[-0.5735665]
[-0.5220524]
[-0.4773994]
[-0.35952967]
[-0.32729408]
[-0.28373966]
[-0.24897262]
[-0.23762001]
[-0.18846977]
[-0.16308458]
[-0.17500058]
[-0.1443485]
[-0.19467388]
[-0.21160324]
[-0.21253063]
[-0.20538765]
[-0.23036785]
[-0.26029602]
[-0.2898719]
[-0.3281502]
[-0.3648822]
[-0.39658692]
[-0.43834138]
[-0.47188494]
[-0.48948905]
[-0.41062292]
[-0.35686794]
[-0.47116223]
[-0.5451543]
[-0.614848]
[-0.44287807]
[-0.31681037]
[-0.3214911]
[-0.6646477]
[-0.65519214]
[-0.6724586]
[-0.69825137]
[-0.70749193]
[-0.6793158]
[-0.6292815]
[-0.54004955]
[-0.50275636]
[-0.4507894]
[-0.2982394]
[-0.26634905]
[-0.23564677]
[-0.21134855]
[-0.19657761]
[-0.18059666]
[-0.16016838]
[-0.13655852]
[-0.11002887]
[-0.15304229]
[-0.1777099]
[-0.17086518]
[-0.1882313]
[-0.20957036]
[-0.23703063]
[-0.27269349]
[-0.30914915]
[-0.34501785]
[-0.3793431]
[-0.4209948]
[-0.44498238]
[-0.46251363]
[-0.341998]
[-0.35323262]
[-0.4470634]
[-0.51916426]
[-0.6107624]
[-0.42076164]
[-0.30873698]
[-0.31472382]
[-0.61731017]
[-0.59537107]
[-0.6428934]
[-0.6621477]
[-0.67395025]
[-0.62785107]
[-0.580281]
[-0.4823692]
[-0.4486567]
[-0.3958991]
[-0.24253616]
[-0.21795174]
[-0.20187607]
[-0.17123976]
[-0.16745707]
[-0.15508796]
[-0.15742491]
[-0.11336057]
[-0.10024165]
[-0.11774305]
[-0.16310173]
[-0.15051499]
[-0.16282088]
[-0.17746904]
[-0.2147167]
[-0.25112045]
[-0.2868424]
[-0.32156923]
[-0.3657481]
[-0.39887345]
[-0.4180809]
[-0.43754882]
[-0.27844945]
[-0.3350131]
[-0.42149284]
[-0.50872505]
[-0.59087497]
[-0.40030304]
[-0.31966117]
[-0.32443297]
[-0.5717433]
[-0.5796954]
[-0.6246602]
[-0.6484661]
[-0.6534238]
[-0.61584723]
[-0.55285066]
[-0.48230523]
[-0.3810689]
[-0.34921363]
[-0.18673623]
[-0.1713644]
[-0.15225105]
[-0.13658963]
[-0.12938616]
[-0.11401723]
[-0.10553539]
[-0.0850206]
[-0.08896155]
[-0.13279182]
[-0.12212526]
[-0.09567509]
[-0.14633459]
[-0.15510674]
[-0.18799166]
[-0.2305749]
[-0.2671176]
[-0.30513728]
[-0.34668303]
[-0.37328488]
[-0.39283165]
[-0.41906327]
[-0.25345573]
[-0.33782887]
[-0.40997744]
[-0.517738]
[-0.56721896]
[-0.38949868]
[-0.34119898]
[-0.32888868]
[-0.5552302]
[-0.5822433]
[-0.61390793]
[-0.6357238]
[-0.6310911]
[-0.59943485]
[-0.5399076]
[-0.5017722]
[-0.36282796]
[-0.3030181]
[-0.18052511]
[-0.15517114]
[-0.12829864]
[-0.11561271]
[-0.09947003]
[-0.07302408]
[-0.0590369]
[-0.03717169]
[-0.08436089]
[-0.10548867]
[-0.09764435]
[-0.06859023]
[-0.10800736]
[-0.12802924]
[-0.16440196]
[-0.20351596]
[-0.24621435]
[-0.29128894]
[-0.3228074]
[-0.34638757]
[-0.3753086]
[-0.40337762]
[-0.22587623]
[-0.3222408]
[-0.3942662]
[-0.5066566]
[-0.52125835]
[-0.34497076]
[-0.3382855]
[-0.30683848]
[-0.55507654]
[-0.5708648]
[-0.59844625]
[-0.62028474]
[-0.60595995]
[-0.57347846]
[-0.5166185]
[-0.5214205]
[-0.34254846]
[-0.2741351]
[-0.16631721]
[-0.13459745]
[-0.1080331]
[-0.09777415]
[-0.08740061]
[-0.05982132]
[-0.03168633]
[-0.01238561]
[-0.06566319]
[-0.07783663]
[-0.08259036]
[-0.04319318]
[-0.05003639]
[-0.09010905]
[-0.12490182]
[-0.15658575]
[-0.20546685]
[-0.24626648]
[-0.2764653]
[-0.30548188]
[-0.3328978]
[-0.33664382]
[-0.19270791]
[-0.2642165]
[-0.34602454]
[-0.44307783]
[-0.4415199]
[-0.25731918]
[-0.28042054]
[-0.2504909]
[-0.5515765]
[-0.55726826]
[-0.5890974]
[-0.6001936]
[-0.5863149]
[-0.5685924]
[-0.5276443]
[-0.51065147]
[-0.327212]
[-0.23127477]
[-0.13592492]
[-0.10240225]
[-0.08525804]
[-0.08766604]
[-0.07153173]
[-0.02263941]
[0.01494591]
[-0.01407737]
[-0.04727264]
[-0.03359558]
[-0.02039964]
[-0.03176443]
[-0.01403731]
[-0.04017883]
[-0.07986996]
[-0.09952131]
[-0.151505]
[-0.18719791]
[-0.21467431]
[-0.24149172]
[-0.2677055]
[-0.23496206]
[-0.13140592]
[-0.18226315]
[-0.26591077]
[-0.33614182]
[-0.33367386]
[-0.17189614]
[-0.1893354]
[-0.17837182]
[-0.5377217]
[-0.5480687]
[-0.5702795]
[-0.5690719]
[-0.57029504]
[-0.54915047]
[-0.5243842]
[-0.47922605]
[-0.3149797]
[-0.17217802]
[-0.10864769]
[-0.08472526]
[-0.0660687]
[-0.04609412]
[-0.0200007]
[0.00378458]
[0.04880811]
[-0.00014929]
[-0.00048441]
[-0.00705811]
[0.007679]
[0.00583615]
[-0.00151569]
[-0.0209425]
[-0.05180194]
[-0.07302032]
[-0.10809369]
[-0.14393847]
[-0.1622044]
[-0.17985608]
[-0.20630583]
[-0.16825578]
[-0.09372494]
[-0.11852652]
[-0.19527201]
[-0.25431484]
[-0.19802213]
[-0.07513637]
[-0.10457011]
[-0.09859762]
[-0.5221358]
[-0.53541195]
[-0.5549188]
[-0.54569715]
[-0.54808205]
[-0.54437804]
[-0.53212476]
[-0.43744418]
[-0.32492068]
[-0.14518099]
[-0.08021626]
[-0.03986869]
[-0.01371747]
[-0.00694636]
[0.02169014]
[0.04805753]
[0.04546066]
[0.02199167]
[0.01484647]
[0.0146799]
[0.04259631]
[0.04447397]
[0.03019154]
[0.00348337]
[-0.02586845]
[-0.05524452]
[-0.08092134]
[-0.11399632]
[-0.13877478]
[-0.16068685]
[-0.17865582]
[-0.14021578]
[-0.06911924]
[-0.05438538]
[-0.13168018]
[-0.17188236]
[-0.05610092]
[0.00927377]
[-0.04037631]
[-0.01687822]
[-0.5137173]
[-0.52523893]
[-0.5229479]
[-0.5148532]
[-0.52817845]
[-0.52719665]
[-0.4923579]
[-0.40178558]
[-0.27143288]
[-0.0765543]
[-0.0244363]
[-0.00509639]
[0.00245718]
[0.03350667]
[0.04103379]
[0.03540356]
[0.03025864]
[0.03089166]
[0.02453809]
[0.05050176]
[0.06233975]
[0.06483796]
[0.05854273]
[0.0285406]
[-0.0003594]
[-0.03675771]
[-0.06190073]
[-0.09374553]
[-0.11500721]
[-0.1331175]
[-0.14908586]
[-0.17944728]
[-0.06747974]
[-0.03179083]
[-0.08992599]
[-0.07907573]
[0.03331319]
[0.08052338]
[0.00569847]
[0.00691251]
[-0.49962813]
[-0.50291234]
[-0.47530484]
[-0.49123642]
[-0.5145134]
[-0.5254145]
[-0.47632587]
[-0.35199565]
[-0.1783225]
[-0.02519685]
[-0.00853717]
[0.01701554]
[0.02330505]
[0.04891567]
[0.04626753]
[0.05211817]
[0.04805998]
[0.06885467]
[0.05598851]
[0.08394642]
[0.07423585]
[0.08500866]
[0.07977533]
[0.04771207]
[0.01356953]
[-0.00892873]
[-0.04250336]
[-0.06884052]
[-0.09522811]
[-0.11437432]
[-0.08176295]
[-0.17996643]
[-0.07712717]
[-0.00779342]
[-0.03455314]
[-0.00110903]
[0.13317092]
[0.12152015]
[0.03130827]
[-0.00326647]
[-0.48065883]
[-0.47498986]
[-0.4409958]
[-0.4758512]
[-0.52966166]
[-0.50665665]
[-0.45340574]
[-0.2803114]
[-0.09339833]
[-0.00117776]
[0.01626464]
[0.02224883]
[0.03971699]
[0.07326999]
[0.04196478]
[0.07376776]
[0.063901]
[0.08392703]
[0.07182602]
[0.09261511]
[0.08819897]
[0.08651794]
[0.10490976]
[0.06439658]
[0.03577391]
[0.01168897]
[-0.01775598]
[-0.0456792]
[-0.07879017]
[-0.09701325]
[-0.03948667]
[-0.19026038]
[-0.07094286]
[0.00960651]
[0.0685908]
[0.06131941]
[0.21239445]
[0.15806507]
[0.04889338]
[-0.00377012]
[-0.45702973]
[-0.4436811]
[-0.39703175]
[-0.42109174]
[-0.5076394]
[-0.4793638]
[-0.3782939]
[-0.25665072]
[-0.05595114]
[0.01802604]
[0.02283331]
[0.0356815]
[0.06403039]
[0.04667239]
[0.08847527]
[0.06810623]
[0.10543492]
[0.09771616]
[0.10578248]
[0.09774969]
[0.08844006]
[0.11004752]
[0.1238801]
[0.07239383]
[0.06016587]
[0.02897963]
[-0.0069702]
[-0.01236504]
[-0.04882801]
[-0.08713018]
[-0.04856488]
[-0.1890039]
[-0.06359021]
[0.04146834]
[0.16931508]
[0.15442723]
[0.28765324]
[0.1891465]
[0.0641655]
[0.00955824]
[-0.41971654]
[-0.37358704]
[-0.33794153]
[-0.4006823]
[-0.47566307]
[-0.46082506]
[-0.32997403]
[-0.25659767]
[-0.03048461]
[0.03403762]
[0.03291574]
[0.05498999]
[0.06367042]
[0.05591137]
[0.12613237]
[0.07958605]
[0.10506732]
[0.11042535]
[0.13390245]
[0.11012615]
[0.111005]
[0.13457346]
[0.14054102]
[0.07212383]
[0.07869361]
[0.05058805]
[0.01258916]
[0.00465491]
[-0.0096794]
[-0.0263075]
[-0.05671821]
[-0.18015039]
[-0.05229814]
[0.06872018]
[0.2180035]
[0.2608216]
[0.3554053]
[0.21927151]
[0.07146893]
[0.02047643]
[-0.36305773]
[-0.31186804]
[-0.29110402]
[-0.42446595]
[-0.4657849]
[-0.4404969]
[-0.308159]
[-0.2226279]
[-0.01794119]
[0.04999359]
[0.05035654]
[0.06616893]
[0.04558929]
[0.09919372]
[0.11335696]
[0.10245039]
[0.09339077]
[0.1240565]
[0.13618368]
[0.11598399]
[0.14746983]
[0.15946802]
[0.1613604]
[0.09823226]
[0.10330204]
[0.07280852]
[0.03134608]
[0.02469782]
[0.0116284]
[0.03471918]
[-0.03866151]
[-0.1562144]
[-0.03579365]
[0.09785531]
[0.2518252]
[0.33307862]
[0.38436493]
[0.24142607]
[0.07546032]
[0.02871305]
[-0.29523334]
[-0.2565008]
[-0.26864886]
[-0.42361864]
[-0.44572145]
[-0.43294498]
[-0.2761783]
[-0.18048932]
[-0.00735697]
[0.07329939]
[0.06649392]
[0.04254191]
[0.0786199]
[0.14554264]
[0.08108249]
[0.10558052]
[0.07156226]
[0.15424101]
[0.15805976]
[0.13304207]
[0.17883922]
[0.18598488]
[0.16912435]
[0.12885213]
[0.11540776]
[0.09044484]
[0.05390089]
[0.03345733]
[0.03150785]
[0.0739274]
[-0.04925499]
[-0.11490098]
[0.03261264]
[0.13322407]
[0.31657135]
[0.40211535]
[0.38787994]
[0.23656096]
[0.09865641]
[0.03804572]
[-0.24151982]
[-0.20791084]
[-0.27491626]
[-0.41096094]
[-0.42006117]
[-0.4006219]
[-0.2348235]
[-0.14169292]
[0.02749099]
[0.09695163]
[0.07468761]
[0.05414565]
[0.11675301]
[0.15557894]
[0.10857607]
[0.14918609]
[0.11351962]
[0.18626764]
[0.2217466]
[0.18279777]
[0.19319478]
[0.21020584]
[0.17078824]
[0.14109893]
[0.13920186]
[0.11753126]
[0.07592708]
[0.05241343]
[0.06914468]
[0.10890988]
[-0.08931318]
[-0.06586043]
[0.13403116]
[0.17354855]
[0.38844627]
[0.45696208]
[0.38550165]
[0.22922815]
[0.10940063]
[0.04629647]
[-0.21711835]
[-0.16293888]
[-0.32613888]
[-0.39973179]
[-0.41675782]
[-0.34187922]
[-0.22279276]
[-0.08980162]
[0.05259377]
[0.11921048]
[0.06703903]
[0.09665862]
[0.16014703]
[0.12429947]
[0.12121186]
[0.14911817]
[0.13490272]
[0.21169977]
[0.26222095]
[0.19397125]
[0.20898353]
[0.21608551]
[0.1733764]
[0.15141232]
[0.1651436]
[0.15205744]
[0.09782515]
[0.07451009]
[0.10930789]
[0.11805987]
[-0.14162444]
[-0.01668507]
[0.23209386]
[0.2551612]
[0.47293308]
[0.47355574]
[0.38682917]
[0.21569425]
[0.10561446]
[0.04997815]
[-0.15887927]
[-0.16847272]
[-0.3461806]
[-0.39438397]
[-0.42450792]
[-0.31187513]
[-0.24173288]
[-0.03681741]
[0.0754545]
[0.10609549]
[0.09715151]
[0.14049906]
[0.17303157]
[0.10546647]
[0.10521153]
[0.13694853]
[0.13601957]
[0.24773854]
[0.27792194]
[0.17823267]
[0.22609214]
[0.20101379]
[0.17549774]
[0.1644964]
[0.19390725]
[0.1702019]
[0.12969951]
[0.09629585]
[0.12499806]
[0.1225808]
[-0.14252283]
[0.00977854]
[0.2807225]
[0.3626357]
[0.5426576]
[0.49529985]
[0.37461892]
[0.1963682]
[0.09211728]
[0.04346857]
[-0.11527823]
[-0.19811253]
[-0.34895077]
[-0.3685252]
[-0.40667763]
[-0.28989893]
[-0.25722054]
[-0.01459995]
[0.10290154]
[0.12780525]
[0.1434307]
[0.18694502]
[0.16999665]
[0.12592916]
[0.11462276]
[0.10861193]
[0.1491795]
[0.2649891]
[0.25939623]
[0.20549569]
[0.22651184]
[0.19398586]
[0.17758079]
[0.17730457]
[0.2125134]
[0.1764238]
[0.17965719]
[0.13642442]
[0.12463069]
[0.09880839]
[-0.11277246]
[0.03951553]
[0.30055198]
[0.44486383]
[0.5797249]
[0.4995628]
[0.39004785]
[0.1875025]
[0.07832149]
[0.03461893]
[-0.10942897]
[-0.25777426]
[-0.33775675]
[-0.3458458]
[-0.37103766]
[-0.2252184]
[-0.2423485]
[0.01959472]
[0.11314653]
[0.16056131]
[0.19112886]
[0.21702407]
[0.14502846]
[0.12389166]
[0.15071641]
[0.08485422]
[0.17804624]
[0.2888901]
[0.26305577]
[0.20933524]
[0.22504029]
[0.19401792]
[0.18120763]
[0.18619707]
[0.2246695]
[0.20577875]
[0.1995479]
[0.19849515]
[0.14808501]
[0.08594009]
[-0.08055722]
[0.07032754]
[0.31397772]
[0.49385163]
[0.5915959]
[0.51049936]
[0.4085903]
[0.20862596]
[0.06944223]
[0.03100197]
[-0.13820297]
[-0.2993828]
[-0.32908696]
[-0.34154618]
[-0.3171966]
[-0.18291846]
[-0.19203784]
[0.01955319]
[0.13117386]
[0.19870669]
[0.23995815]
[0.23390314]
[0.11742621]
[0.12246462]
[0.14048027]
[0.11286695]
[0.20778207]
[0.31329995]
[0.26523408]
[0.21319857]
[0.20512152]
[0.187794]
[0.19312224]
[0.18918619]
[0.23772953]
[0.23393513]
[0.20402671]
[0.2416005]
[0.17941007]
[0.08208901]
[-0.04253192]
[0.10920095]
[0.34197614]
[0.5190425]
[0.5766741]
[0.5331342]
[0.42220458]
[0.23005207]
[0.09155794]
[0.02182337]
[-0.17097138]
[-0.30389103]
[-0.29684833]
[-0.35135177]
[-0.26975405]
[-0.16372171]
[-0.14802653]
[0.05495445]
[0.1677387]
[0.23892958]
[0.2756147]
[0.2215143]
[0.1310942]
[0.11334341]
[0.13381828]
[0.15619953]
[0.22536224]
[0.32926393]
[0.25903124]
[0.22272082]
[0.18577766]
[0.17184357]
[0.2033692]
[0.1924884]
[0.24993013]
[0.26277456]
[0.21458086]
[0.25135487]
[0.24878749]
[0.10003739]
[-0.0129637]
[0.15577646]
[0.3622213]
[0.5110059]
[0.56330556]
[0.58112484]
[0.44933257]
[0.25918037]
[0.11535972]
[0.03914867]
[-0.2074664]
[-0.28561878]
[-0.27977303]
[-0.3558632]
[-0.2498308]
[-0.15757471]
[-0.11232666]
[0.07653727]
[0.20402922]
[0.28860548]
[0.29022822]
[0.20421101]
[0.14716505]
[0.15872994]
[0.12184751]
[0.18863034]
[0.22890465]
[0.33076376]
[0.2623105]
[0.22849886]
[0.16750233]
[0.14548571]
[0.1986743]
[0.19881591]
[0.2627512]
[0.26612926]
[0.26304087]
[0.23763254]
[0.31252792]
[0.13969532]
[0.01232916]
[0.17635468]
[0.38643]
[0.5294796]
[0.573021]
[0.62582]
[0.48433506]
[0.31171495]
[0.17008315]
[0.07366885]
[-0.23768717]
[-0.26755172]
[-0.27860215]
[-0.33331212]
[-0.21631229]
[-0.17367132]
[-0.05035482]
[0.1145135]
[0.24730435]
[0.33284009]
[0.28739467]
[0.17868312]
[0.1682017]
[0.16323788]
[0.10677888]
[0.2051335]
[0.24055347]
[0.31329253]
[0.25819352]
[0.23879124]
[0.15474297]
[0.11500186]
[0.19462597]
[0.20482484]
[0.2697569]
[0.26881352]
[0.29072082]
[0.26262826]
[0.33902994]
[0.19003278]
[0.05027914]
[0.23064251]
[0.4301682]
[0.55059993]
[0.5949451]
[0.6570762]
[0.525987]
[0.36340088]
[0.2271557]
[0.12855323]
[-0.2318054]
[-0.23893215]
[-0.28711128]
[-0.2811168]
[-0.13992204]
[-0.16507542]
[0.01129171]
[0.16346282]
[0.29313928]
[0.35219032]
[0.2872529]
[0.21019532]
[0.16184373]
[0.14632605]
[0.12633471]
[0.20322663]
[0.25255919]
[0.28822443]
[0.23517497]
[0.24561334]
[0.13311714]
[0.08441088]
[0.19225745]
[0.2094529]
[0.26022917]
[0.28828546]
[0.31388894]
[0.29790664]
[0.34298778]
[0.21018782]
[0.11261728]
[0.2993099]
[0.46571937]
[0.5700149]
[0.62431556]
[0.67934024]
[0.56320256]
[0.41456094]
[0.27723753]
[0.18349703]
[-0.23426972]
[-0.21158944]
[-0.29650256]
[-0.23065917]
[-0.10386218]
[-0.13067758]
[0.06752402]
[0.21588731]
[0.34250993]
[0.3526041]
[0.28338963]
[0.23071441]
[0.19790058]
[0.13833629]
[0.16636567]
[0.20775342]
[0.25749338]
[0.25879508]
[0.22029388]
[0.2507939]
[0.11125655]
[0.05362227]
[0.18199423]
[0.20272365]
[0.249011]
[0.32046634]
[0.34335655]
[0.37812948]
[0.37488157]
[0.20250125]
[0.16871619]
[0.3527389]
[0.5130758]
[0.5987882]
[0.65631247]
[0.6956192]
[0.59597623]
[0.4597345]
[0.31441596]
[0.23569892]
[-0.2193733]
[-0.20744939]
[-0.2862878]
[-0.18436116]
[-0.059955]
[-0.0596687]
[0.122927]
[0.25702313]
[0.358941]
[0.34938803]
[0.2677183]
[0.24742806]
[0.2351372]
[0.14255893]
[0.19523138]
[0.23659007]
[0.25804415]
[0.23760502]
[0.20390157]
[0.25238204]
[0.09590588]
[0.03253943]
[0.15078865]
[0.19420965]
[0.23933913]
[0.33461845]
[0.39248163]
[0.46426848]
[0.3483324]
[0.1895882]
[0.21515106]
[0.3847768]
[0.56537294]
[0.6280234]
[0.6851949]
[0.710008]
[0.62691814]
[0.48874447]
[0.36404422]
[0.27950644]
