[-0.86795074]
[-0.86222124]
[-0.85537463]
[-0.8479156]
[-0.8400133]
[-0.8301016]
[-0.81424326]
[-0.78827304]
[-0.7488112]
[-0.69783497]
[-0.6439081]
[-0.59776795]
[-0.5650007]
[-0.54304427]
[-0.5245088]
[-0.50504714]
[-0.48563078]
[-0.46988118]
[-0.46223578]
[-0.4668862]
[-0.484737]
[-0.5110338]
[-0.53714687]
[-0.5556269]
[-0.56438756]
[-0.5668723]
[-0.5678533]
[-0.57104224]
[-0.57796514]
[-0.58656466]
[-0.59394205]
[-0.59702426]
[-0.59310323]
[-0.5790258]
[-0.552673]
[-0.51646054]
[-0.47217602]
[-0.42402622]
[-0.37691495]
[-0.3345911]
[-0.86365026]
[-0.8585475]
[-0.8525716]
[-0.8461451]
[-0.83919674]
[-0.8297914]
[-0.81373525]
[-0.7867683]
[-0.74565184]
[-0.6927176]
[-0.6368207]
[-0.5888397]
[-0.55448145]
[-0.5314128]
[-0.5124744]
[-0.49318445]
[-0.4741811]
[-0.45883062]
[-0.45135835]
[-0.4557621]
[-0.47269064]
[-0.4976215]
[-0.52251506]
[-0.54050624]
[-0.5497114]
[-0.5533878]
[-0.5559817]
[-0.5608586]
[-0.5692932]
[-0.57938296]
[-0.58836323]
[-0.59323156]
[-0.5910936]
[-0.57861996]
[-0.55357164]
[-0.51805925]
[-0.4737601]
[-0.4251466]
[-0.37758228]
[-0.33519953]
[-0.857683]
[-0.85337514]
[-0.848489]
[-0.8433374]
[-0.83751136]
[-0.8286081]
[-0.8121827]
[-0.78393555]
[-0.7409602]
[-0.68604136]
[-0.62821114]
[-0.5782135]
[-0.5417391]
[-0.51687604]
[-0.497057]
[-0.47783566]
[-0.45938683]
[-0.44458258]
[-0.437285]
[-0.44119206]
[-0.45672318]
[-0.47973746]
[-0.50304747]
[-0.5205485]
[-0.53056425]
[-0.5360112]
[-0.54086065]
[-0.5480505]
[-0.5585552]
[-0.57063156]
[-0.5816041]
[-0.5885373]
[-0.5883899]
[-0.57776296]
[-0.55440587]
[-0.52006465]
[-0.47621897]
[-0.42754462]
[-0.37986597]
[-0.33774963]
[-0.84979177]
[-0.8464353]
[-0.8428064]
[-0.8390739]
[-0.83439416]
[-0.8258441]
[-0.80878764]
[-0.7789947]
[-0.7341319]
[-0.67751104]
[-0.61811763]
[-0.56614906]
[-0.5270558]
[-0.49957523]
[-0.47820485]
[-0.4588396]
[-0.44109786]
[-0.42707896]
[-0.4200694]
[-0.42331648]
[-0.4370514]
[-0.45766914]
[-0.47908244]
[-0.496122]
[-0.50732595]
[-0.5151318]
[-0.5228913]
[-0.5330323]
[-0.5461519]
[-0.5606234]
[-0.5737975]
[-0.5828328]
[-0.5846784]
[-0.5760703]
[-0.55489105]
[-0.52243793]
[-0.47983304]
[-0.43179896]
[-0.38456026]
[-0.34314725]
[-0.8399819]
[-0.837691]
[-0.8353701]
[-0.83299977]
[-0.8292301]
[-0.82066524]
[-0.80260193]
[-0.77105045]
[-0.7244763]
[-0.66672605]
[-0.6064433]
[-0.5528339]
[-0.51084054]
[-0.48002407]
[-0.45639127]
[-0.4365801]
[-0.41967234]
[-0.40678382]
[-0.40037957]
[-0.4030695]
[-0.4149152]
[-0.4329333]
[-0.4522758]
[-0.46884966]
[-0.48145497]
[-0.4920082]
[-0.503149]
[-0.5167058]
[-0.53278553]
[-0.5497859]
[-0.56504714]
[-0.57590073]
[-0.5795285]
[-0.5730744]
[-0.5546717]
[-0.5250298]
[-0.4846692]
[-0.43813103]
[-0.39195117]
[-0.35164306]
[-0.82848155]
[-0.82730925]
[-0.82620716]
[-0.82490623]
[-0.8215217]
[-0.8123453]
[-0.7927794]
[-0.75930184]
[-0.711326]
[-0.65315354]
[-0.59278876]
[-0.5381044]
[-0.49331108]
[-0.45883018]
[-0.43241975]
[-0.41183504]
[-0.3957884]
[-0.38438067]
[-0.37903383]
[-0.38154083]
[-0.3917717]
[-0.40734646]
[-0.42463484]
[-0.4406872]
[-0.45465836]
[-0.46802336]
[-0.48268646]
[-0.49978364]
[-0.51881677]
[-0.53812206]
[-0.55506027]
[-0.5672482]
[-0.5723745]
[-0.5682448]
[-0.5532744]
[-0.5273905]
[-0.49022883]
[-0.4459277]
[-0.40128037]
[-0.3623071]
[-0.8154]
[-0.81534946]
[-0.8152872]
[-0.814619]
[-0.8109302]
[-0.80041015]
[-0.77874297]
[-0.74312174]
[-0.6939753]
[-0.635945]
[-0.5761845]
[-0.5210742]
[-0.47396836]
[-0.4360169]
[-0.40669155]
[-0.3850825]
[-0.36980256]
[-0.36010832]
[-0.35624266]
[-0.3590479]
[-0.3681269]
[-0.38160032]
[-0.39693415]
[-0.41234136]
[-0.4274651]
[-0.44347066]
[-0.46153235]
[-0.48199418]
[-0.50369656]
[-0.524894]
[-0.5430412]
[-0.55612826]
[-0.5625518]
[-0.5609562]
[-0.5500069]
[-0.5286467]
[-0.49537688]
[-0.45378494]
[-0.41093013]
[-0.37336686]
[-0.80104154]
[-0.8020173]
[-0.8027259]
[-0.8021819]
[-0.79748696]
[-0.78490376]
[-0.7605488]
[-0.7225355]
[-0.67231065]
[-0.614754]
[-0.5560976]
[-0.50126743]
[-0.45275056]
[-0.41213194]
[-0.38027224]
[-0.35756055]
[-0.3428062]
[-0.3347435]
[-0.3324923]
[-0.33593035]
[-0.34431663]
[-0.35612667]
[-0.36974528]
[-0.38448137]
[-0.4005506]
[-0.4188883]
[-0.4399722]
[-0.4633319]
[-0.48722148]
[-0.5098368]
[-0.5287462]
[-0.5423285]
[-0.5497967]
[-0.550758]
[-0.5441071]
[-0.527671]
[-0.49865854]
[-0.46001777]
[-0.41908354]
[-0.3829322]
[-0.7851546]
[-0.7870091]
[-0.7882426]
[-0.7874342]
[-0.7812648]
[-0.7661162]
[-0.7386241]
[-0.69792134]
[-0.64642245]
[-0.58921117]
[-0.5317135]
[-0.47764337]
[-0.42873332]
[-0.38663173]
[-0.35306102]
[-0.32940295]
[-0.31488165]
[-0.30807558]
[-0.30726054]
[-0.31145504]
[-0.31949642]
[-0.33006898]
[-0.34232712]
[-0.35655805]
[-0.3735417]
[-0.39396936]
[-0.41768274]
[-0.4434675]
[-0.46913573]
[-0.49281272]
[-0.5121115]
[-0.5257982]
[-0.5339845]
[-0.5373645]
[-0.53506464]
[-0.5237107]
[-0.49911815]
[-0.4635389]
[-0.4245829]
[-0.38981697]
[-0.76720345]
[-0.76976156]
[-0.771341]
[-0.7700734]
[-0.7622809]
[-0.7443858]
[-0.713575]
[-0.66997933]
[-0.6168602]
[-0.5594939]
[-0.50276065]
[-0.44959363]
[-0.40121377]
[-0.35898575]
[-0.32484618]
[-0.3006421]
[-0.2860903]
[-0.27994567]
[-0.2801205]
[-0.28500754]
[-0.29299024]
[-0.30283213]
[-0.3143047]
[-0.32847476]
[-0.34655634]
[-0.36893815]
[-0.3949408]
[-0.42276174]
[-0.44990286]
[-0.47431841]
[-0.4935503]
[-0.50680375]
[-0.5152204]
[-0.5207303]
[-0.5226835]
[-0.51643825]
[-0.4963431]
[-0.46390247]
[-0.42697057]
[-0.3935541]
[-0.7465319]
[-0.7496492]
[-0.75151473]
[-0.749823]
[-0.7405774]
[-0.7200958]
[-0.6861051]
[-0.63961005]
[-0.58452237]
[-0.52627796]
[-0.4695502]
[-0.41705352]
[-0.36984083]
[-0.3287625]
[-0.2953185]
[-0.27118737]
[-0.2564899]
[-0.25038886]
[-0.25098366]
[-0.2563731]
[-0.26456094]
[-0.2743052]
[-0.2858054]
[-0.30060747]
[-0.32012624]
[-0.3444118]
[-0.37242314]
[-0.40194178]
[-0.43023533]
[-0.4549514]
[-0.47350687]
[-0.48567596]
[-0.49378648]
[-0.50110036]
[-0.507117]
[-0.5058855]
[-0.4902818]
[-0.46104583]
[-0.42622125]
[-0.39416492]
[-0.7226251]
[-0.7262405]
[-0.7284575]
[-0.7265496]
[-0.7162126]
[-0.69353807]
[-0.6567511]
[-0.6075491]
[-0.55026114]
[-0.49043846]
[-0.4328842]
[-0.38064703]
[-0.33494192]
[-0.2960247]
[-0.264449]
[-0.24115875]
[-0.22645108]
[-0.21998177]
[-0.22047558]
[-0.22610156]
[-0.23466936]
[-0.24490991]
[-0.2572404]
[-0.27336222]
[-0.2946376]
[-0.3207951]
[-0.35057318]
[-0.38144884]
[-0.4104873]
[-0.4349438]
[-0.45217302]
[-0.46268454]
[-0.4700956]
[-0.47896197]
[-0.48877528]
[-0.49229068]
[-0.48103616]
[-0.45505235]
[-0.42250606]
[-0.39194936]
[-0.69565684]
[-0.6998275]
[-0.7025583]
[-0.70070344]
[-0.68965137]
[-0.66522306]
[-0.6260689]
[-0.5743828]
[-0.5147333]
[-0.45281222]
[-0.3938403]
[-0.34157056]
[-0.29754248]
[-0.26142994]
[-0.23259352]
[-0.21091488]
[-0.19661072]
[-0.18975918]
[-0.18986984]
[-0.19544257]
[-0.2043334]
[-0.21532878]
[-0.2289314]
[-0.24676356]
[-0.26992905]
[-0.29787204]
[-0.32917604]
[-0.36104396]
[-0.39036915]
[-0.4140331]
[-0.42948458]
[-0.43809015]
[-0.4447291]
[-0.45504314]
[-0.46830267]
[-0.47607327]
[-0.4688164]
[-0.44604516]
[-0.41598952]
[-0.3871881]
[-0.66708165]
[-0.6719286]
[-0.6753345]
[-0.6737318]
[-0.66223174]
[-0.63641375]
[-0.5952219]
[-0.5411448]
[-0.47893533]
[-0.41458592]
[-0.35396075]
[-0.30160156]
[-0.2592878]
[-0.22612318]
[-0.2003279]
[-0.18073188]
[-0.16734816]
[-0.16051391]
[-0.16033618]
[-0.16566104]
[-0.17457816]
[-0.18611462]
[-0.20088962]
[-0.22036748]
[-0.24527708]
[-0.27480066]
[-0.30735612]
[-0.33985442]
[-0.3690643]
[-0.39160052]
[-0.40517655]
[-0.4120249]
[-0.41811097]
[-0.4298282]
[-0.4460216]
[-0.4572714]
[-0.45338157]
[-0.4336059]
[-0.40619153]
[-0.37943918]
[-0.63942504]
[-0.6449621]
[-0.6490353]
[-0.6476943]
[-0.635868]
[-0.6089667]
[-0.5660135]
[-0.5095536]
[-0.44455868]
[-0.37758026]
[-0.31529745]
[-0.26288894]
[-0.22211367]
[-0.19147964]
[-0.16833775]
[-0.15076308]
[-0.13863723]
[-0.13239631]
[-0.13232899]
[-0.1373788]
[-0.14591052]
[-0.1573992]
[-0.17276384]
[-0.19338712]
[-0.21961674]
[-0.25037232]
[-0.28383926]
[-0.31662065]
[-0.3454111]
[-0.36670533]
[-0.37860397]
[-0.38407734]
[-0.38987336]
[-0.4027527]
[-0.42100856]
[-0.4345514]
[-0.43302432]
[-0.41575053]
[-0.39094716]
[-0.366473]
[-0.6151413]
[-0.6211363]
[-0.62561154]
[-0.624354]
[-0.6122565]
[-0.5846255]
[-0.54026663]
[-0.48149538]
[-0.4135391]
[-0.34377056]
[-0.27981666]
[-0.22727202]
[-0.18760312]
[-0.15868117]
[-0.13731015]
[-0.12121108]
[-0.11031535]
[-0.10504554]
[-0.10543819]
[-0.11020081]
[-0.11791676]
[-0.12865852]
[-0.1438344]
[-0.16486512]
[-0.19178686]
[-0.22325939]
[-0.25717154]
[-0.2898488]
[-0.31794477]
[-0.33795893]
[-0.34840614]
[-0.35276705]
[-0.3582119]
[-0.3715235]
[-0.39045033]
[-0.40465555]
[-0.40414742]
[-0.38863382]
[-0.36621433]
[-0.34413493]
[-0.59523785]
[-0.60121995]
[-0.60562557]
[-0.6041739]
[-0.5918494]
[-0.56386614]
[-0.51849157]
[-0.4575443]
[-0.38652018]
[-0.3138206]
[-0.24812205]
[-0.1952623]
[-0.1562268]
[-0.12821718]
[-0.10773075]
[-0.09246022]
[-0.08250444]
[-0.07818969]
[-0.07904408]
[-0.08336567]
[-0.08991291]
[-0.09937517]
[-0.11368894]
[-0.13436057]
[-0.16122049]
[-0.19270496]
[-0.22640081]
[-0.2584512]
[-0.28549197]
[-0.30410612]
[-0.3131469]
[-0.316317]
[-0.32084274]
[-0.33326346]
[-0.35094965]
[-0.36383805]
[-0.3628242]
[-0.3482397]
[-0.3279084]
[-0.30830094]
[-0.5788424]
[-0.58429784]
[-0.58816487]
[-0.5863073]
[-0.5738313]
[-0.54578114]
[-0.49961948]
[-0.43654034]
[-0.36235896]
[-0.28663874]
[-0.21913365]
[-0.16581623]
[-0.12711073]
[-0.09957119]
[-0.07950816]
[-0.06473955]
[-0.05546427]
[-0.05181325]
[-0.05277529]
[-0.05633807]
[-0.06149969]
[-0.06948581]
[-0.08261655]
[-0.10240386]
[-0.12853518]
[-0.15927625]
[-0.19199264]
[-0.2227966]
[-0.24833661]
[-0.2653208]
[-0.27279228]
[-0.27435514]
[-0.2769543]
[-0.28670156]
[-0.3009019]
[-0.31037194]
[-0.3073976]
[-0.29306024]
[-0.27466777]
[-0.25771374]
[-0.56404567]
[-0.56861514]
[-0.57165086]
[-0.569312]
[-0.5567276]
[-0.5286133]
[-0.4814982]
[-0.4160552]
[-0.338588]
[-0.2598939]
[-0.19071335]
[-0.13704689]
[-0.09873203]
[-0.07176403]
[-0.05229596]
[-0.03824988]
[-0.029677]
[-0.02639003]
[-0.02697542]
[-0.02941522]
[-0.03310992]
[-0.03971567]
[-0.05170844]
[-0.07045703]
[-0.09549565]
[-0.12495495]
[-0.15611382]
[-0.18520516]
[-0.20894532]
[-0.22419314]
[-0.22998305]
[-0.22943826]
[-0.2288895]
[-0.23392998]
[-0.24227151]
[-0.24631383]
[-0.24021548]
[-0.22579782]
[-0.20953463]
[-0.1956545]
[-0.54890245]
[-0.55241686]
[-0.5545331]
[-0.55174285]
[-0.5390045]
[-0.5104977]
[-0.46184823]
[-0.3935519]
[-0.3127199]
[-0.2314048]
[-0.16109999]
[-0.10763853]
[-0.07022065]
[-0.04439259]
[-0.02613701]
[-0.01335176]
[-0.0056626]
[-0.00249753]
[-0.00228195]
[-0.00333834]
[-0.00562374]
[-0.01112473]
[-0.02227782]
[-0.04018886]
[-0.0641775]
[-0.092232]
[-0.12168037]
[-0.1489851]
[-0.17101234]
[-0.18478489]
[-0.18909985]
[-0.18614471]
[-0.18128301]
[-0.17960402]
[-0.17985687]
[-0.17681184]
[-0.16694732]
[-0.1526638]
[-0.13921094]
[-0.1291729]
[-0.531913]
[-0.5343845]
[-0.5357104]
[-0.53261006]
[-0.51962286]
[-0.49016765]
[-0.4391477]
[-0.36742222]
[-0.28335047]
[-0.20021647]
[-0.12989223]
[-0.07769766]
[-0.04205636]
[-0.01813718]
[-0.00174916]
[0.00936339]
[0.01612519]
[0.01942336]
[0.02071064]
[0.02109032]
[0.02002532]
[0.01531691]
[0.00467903]
[-0.01271026]
[-0.03591742]
[-0.06276606]
[-0.09073632]
[-0.11656257]
[-0.13734981]
[-0.15027612]
[-0.15368375]
[-0.14835101]
[-0.13830817]
[-0.12824623]
[-0.11867837]
[-0.10753717]
[-0.0939776]
[-0.08066983]
[-0.07119923]
[-0.06609355]
[-0.51192415]
[-0.5135496]
[-0.5144336]
[-0.5112998]
[-0.49801296]
[-0.46705005]
[-0.41290095]
[-0.33741754]
[-0.25064552]
[-0.16698574]
[-0.09820145]
[-0.04863513]
[-0.01572878]
[0.0057062]
[0.0199694]
[0.02948863]
[0.03561148]
[0.03933755]
[0.04176239]
[0.04338682]
[0.0432461]
[0.03908436]
[0.02879621]
[0.01176163]
[-0.01087354]
[-0.03677104]
[-0.06362516]
[-0.08843584]
[-0.10861731]
[-0.12144906]
[-0.12463403]
[-0.11714032]
[-0.10137134]
[-0.08182625]
[-0.06150588]
[-0.04216097]
[-0.02578382]
[-0.01486603]
[-0.01086419]
[-0.0119073]
[-0.4879336]
[-0.48914465]
[-0.49019024]
[-0.4875207]
[-0.47411394]
[-0.4414268]
[-0.38390657]
[-0.3049178]
[-0.21643646]
[-0.13373092]
[-0.06798065]
[-0.02214541]
[0.00744689]
[0.02632616]
[0.03874374]
[0.04720873]
[0.0532072]
[0.05762208]
[0.06107504]
[0.06360929]
[0.06406589]
[0.06028212]
[0.05031244]
[0.0336404]
[0.011548]
[-0.01350486]
[-0.03946387]
[-0.06359374]
[-0.08367632]
[-0.09700283]
[-0.10047375]
[-0.09098159]
[-0.06917396]
[-0.03966352]
[-0.00854586]
[0.01822196]
[0.03592448]
[0.04277345]
[0.03988461]
[0.03171083]
[-0.4592147]
[-0.46073934]
[-0.46282023]
[-0.4613638]
[-0.44832227]
[-0.41420907]
[-0.35380208]
[-0.27223748]
[-0.18332934]
[-0.10284086]
[-0.04103609]
[0.00067828]
[0.02703908]
[0.0438422]
[0.05507492]
[0.0631918]
[0.06957315]
[0.07485393]
[0.07919176]
[0.08235098]
[0.08315416]
[0.07962102]
[0.06994521]
[0.05367842]
[0.03220439]
[0.00803353]
[-0.01703578]
[-0.0405634]
[-0.06076049]
[-0.07484607]
[-0.07876722]
[-0.06725166]
[-0.03927324]
[6.664887e-05]
[0.04120277]
[0.07394508]
[0.09125385]
[0.09253059]
[0.08179902]
[0.06607375]
[-0.42581975]
[-0.42871597]
[-0.43294144]
[-0.43361405]
[-0.4215851]
[-0.386654]
[-0.3242862]
[-0.24139525]
[-0.15326005]
[-0.07574274]
[-0.01804716]
[0.01986193]
[0.04355227]
[0.05893694]
[0.06958566]
[0.07785967]
[0.08498487]
[0.09132824]
[0.09661305]
[0.10038179]
[0.10148072]
[0.09811693]
[0.08865102]
[0.07275135]
[0.0519489]
[0.02871543]
[0.00463416]
[-0.01818063]
[-0.03841093]
[-0.05314301]
[-0.05725314]
[-0.04344331]
[-0.00933768]
[0.03906106]
[0.08864927]
[0.12540472]
[0.14063103]
[0.13529085]
[0.11644837]
[0.09343982]
[-0.38907874]
[-0.3946484]
[-0.4021987]
[-0.40584788]
[-0.39532116]
[-0.3600313]
[-0.29647675]
[-0.2132345]
[-0.12661429]
[-0.05227595]
[0.00166949]
[0.03642713]
[0.05809591]
[0.07254055]
[0.08292568]
[0.09161829]
[0.09978741]
[0.10751758]
[0.11403909]
[0.1185796]
[0.11997681]
[0.11662799]
[0.10719115]
[0.09154899]
[0.07143669]
[0.04915033]
[0.02611906]
[0.00415247]
[-0.01586163]
[-0.03078226]
[-0.03434736]
[-0.01763307]
[0.02247602]
[0.07860284]
[0.1343122]
[0.1725889]
[0.18401489]
[0.17140636]
[0.14476451]
[0.11530213]
[-0.35169268]
[-0.36113486]
[-0.37285858]
[-0.37984073]
[-0.37074724]
[-0.33499998]
[-0.27045366]
[-0.18722364]
[-0.1023179]
[-0.03101322]
[0.01968569]
[0.05186909]
[0.07192111]
[0.0855526]
[0.09572838]
[0.10500452]
[0.11458279]
[0.12412181]
[0.13217045]
[0.13749716]
[0.13895606]
[0.13527054]
[0.12562373]
[0.11020207]
[0.09089711]
[0.06960519]
[0.04760983]
[0.02648195]
[0.00686343]
[-0.00762818]
[-0.0095218]
[0.01114252]
[0.05729587]
[0.11956984]
[0.17854404]
[0.21539672]
[0.22115318]
[0.20078482]
[0.16694024]
[0.1321197]
[-0.31709123]
[-0.33109877]
[-0.3471304]
[-0.3570128]
[-0.348576]
[-0.31168413]
[-0.24578975]
[-0.16240351]
[-0.07900988]
[-0.01039522]
[0.03751913]
[0.06743624]
[0.08588263]
[0.0984528]
[0.10830119]
[0.11835546]
[0.12977593]
[0.14148097]
[0.15108761]
[0.1568515]
[0.15780866]
[0.15332158]
[0.14333902]
[0.1283714]
[0.11025003]
[0.09016193]
[0.06914525]
[0.04860671]
[0.02927933]
[0.01571858]
[0.01675438]
[0.04276354]
[0.09535319]
[0.16237311]
[0.22173208]
[0.2541044]
[0.25221413]
[0.22355705]
[0.18307005]
[0.14391403]
[-0.2882893]
[-0.30678076]
[-0.32639465]
[-0.33797592]
[-0.32891408]
[-0.2899141]
[-0.2220853]
[-0.13809833]
[-0.05574526]
[0.01069321]
[0.05619628]
[0.08380074]
[0.10017634]
[0.11104281]
[0.12025514]
[0.13123107]
[0.1448293]
[0.15883255]
[0.16971733]
[0.17530857]
[0.17510505]
[0.1695018]
[0.15936182]
[0.1454491]
[0.1291975]
[0.11075743]
[0.09071955]
[0.07036605]
[0.0509377]
[0.03848631]
[0.04341311]
[0.07602131]
[0.13553014]
[0.2062472]
[0.26364103]
[0.28899714]
[0.27778772]
[0.24037862]
[0.1936408]
[0.15085587]
[-0.266995]
[-0.28906283]
[-0.31078526]
[-0.32237276]
[-0.31128234]
[-0.26933816]
[-0.19912475]
[-0.11409964]
[-0.03220571]
[0.03268098]
[0.07604173]
[0.1009901]
[0.11449593]
[0.12280081]
[0.13094985]
[0.1428429]
[0.15867862]
[0.17478505]
[0.18643136]
[0.1912078]
[0.18938819]
[0.18270461]
[0.1729274]
[0.16092996]
[0.14741716]
[0.13126335]
[0.1123725]
[0.0918765]
[0.07189554]
[0.06041117]
[0.06955022]
[0.10923992]
[0.17566423]
[0.24921508]
[0.30318448]
[0.32016024]
[0.29886654]
[0.2526554]
[0.19999239]
[0.1539267]
[-0.25367185]
[-0.2776608]
[-0.2994653]
[-0.3091171]
[-0.2946676]
[-0.24920718]
[-0.17643963]
[-0.09014082]
[-0.00822509]
[0.05564183]
[0.09692521]
[0.11866705]
[0.12843384]
[0.13342418]
[0.14015219]
[0.15281035]
[0.17059594]
[0.18826374]
[0.1999949]
[0.20340958]
[0.1998327]
[0.19243626]
[0.1837518]
[0.17457503]
[0.1646493]
[0.15149294]
[0.13413705]
[0.11347636]
[0.09270753]
[0.08187228]
[0.09480687]
[0.14093414]
[0.21336627]
[0.28883323]
[0.33888617]
[0.34763363]
[0.31684878]
[0.26258066]
[0.20451696]
[0.1553375]
[-0.24770375]
[-0.2714071]
[-0.2909669]
[-0.2966841]
[-0.2776486]
[-0.22827508]
[-0.15300322]
[-0.06549338]
[0.0165602]
[0.07951505]
[0.11840301]
[0.13625711]
[0.14161362]
[0.14298886]
[0.14830296]
[0.16163695]
[0.18089549]
[0.19933109]
[0.21032014]
[0.2118431]
[0.20650513]
[0.19884764]
[0.19195637]
[0.18634929]
[0.18068041]
[0.17119108]
[0.15598194]
[0.13559088]
[0.11423457]
[0.10378734]
[0.11957354]
[0.1705087]
[0.24716821]
[0.32347992]
[0.3699093]
[0.37195036]
[0.3336104]
[0.2729206]
[0.21036917]
[0.15830982]
[-0.24733412]
[-0.26848838]
[-0.28368315]
[-0.28379095]
[-0.25918046]
[-0.20556909]
[-0.12785703]
[-0.03936781]
[0.04254678]
[0.10415352]
[0.13993977]
[0.1532301]
[0.1538704]
[0.1518717]
[0.15616468]
[0.17019203]
[0.19036324]
[0.20863877]
[0.21796045]
[0.21702053]
[0.20987216]
[0.20227993]
[0.19770426]
[0.19620572]
[0.19527726]
[0.19004685]
[0.17777142]
[0.15853524]
[0.13728854]
[0.12722902]
[0.144782]
[0.19843513]
[0.2771217]
[0.3531886]
[0.39677918]
[0.3944682]
[0.35137472]
[0.28653535]
[0.22080025]
[0.16633807]
[-0.24999626]
[-0.26686293]
[-0.27630317]
[-0.26984304]
[-0.23909606]
[-0.18096143]
[-0.10069899]
[-0.01140571]
[0.06986104]
[0.12925848]
[0.16101652]
[0.16922589]
[0.16522242]
[0.160428]
[0.16419157]
[0.17885149]
[0.19927953]
[0.21645352]
[0.2232442]
[0.2193346]
[0.21028213]
[0.20293503]
[0.20102946]
[0.2040436]
[0.20825593]
[0.20784052]
[0.19937892]
[0.1824565]
[0.16236255]
[0.15301764]
[0.17149843]
[0.22597748]
[0.3046917]
[0.37963778]
[0.4213354]
[0.4171368]
[0.37222695]
[0.30568203]
[0.2383095]
[0.18222645]
[-0.2526609]
[-0.26433456]
[-0.26752087]
[-0.25432163]
[-0.21738248]
[-0.15460348]
[-0.07163398]
[0.01830368]
[0.0982628]
[0.1543809]
[0.18121426]
[0.18410763]
[0.17580785]
[0.16880478]
[0.17226146]
[0.18717131]
[0.20704953]
[0.22227511]
[0.22593619]
[0.21880083]
[0.20781858]
[0.20082113]
[0.2018203]
[0.209683]
[0.21945396]
[0.22443679]
[0.22065982]
[0.20719409]
[0.18934701]
[0.1813136]
[0.20042326]
[0.25458458]
[0.33202794]
[0.40534452]
[0.4459643]
[0.4418309]
[0.3975195]
[0.33142602]
[0.26397896]
[0.207289]
[-0.2531973]
[-0.25971025]
[-0.25700817]
[-0.23763123]
[-0.19500747]
[-0.12784427]
[-0.04223462]
[0.04810786]
[0.1261539]
[0.17818047]
[0.19965385]
[0.19746281]
[0.1854489]
[0.17670603]
[0.17977452]
[0.19433148]
[0.21288829]
[0.22561878]
[0.22601299]
[0.21580146]
[0.2030449]
[0.19645698]
[0.2003745]
[0.21313626]
[0.22862849]
[0.23932827]
[0.24074279]
[0.2314254]
[0.21655118]
[0.21040046]
[0.23028277]
[0.28380582]
[0.35949862]
[0.43103763]
[0.47107682]
[0.46808535]
[0.42580685]
[0.3616074]
[0.29531512]
[0.23898973]
[-0.25073206]
[-0.2525983]
[-0.2446616]
[-0.21980903]
[-0.1721346]
[-0.10107774]
[-0.01323027]
[0.07700175]
[0.15247773]
[0.19988075]
[0.21600938]
[0.20930964]
[0.19425593]
[0.18407951]
[0.18647023]
[0.19998214]
[0.21652451]
[0.2264222]
[0.22369441]
[0.21079546]
[0.19653969]
[0.19041002]
[0.19714126]
[0.21469706]
[0.2359549]
[0.25255916]
[0.2593728]
[0.25438052]
[0.2426659]
[0.23871621]
[0.25973955]
[0.31291276]
[0.38698855]
[0.4567905]
[0.4963641]
[0.49475244]
[0.4549912]
[0.39337802]
[0.32901114]
[0.27379724]
[-0.24593179]
[-0.24395534]
[-0.23160388]
[-0.20206577]
[-0.15008245]
[-0.07582353]
[0.01359815]
[0.10310183]
[0.17556252]
[0.21834072]
[0.22970055]
[0.21939066]
[0.20206228]
[0.19072863]
[0.19220933]
[0.2042025]
[0.21835107]
[0.22537306]
[0.21987595]
[0.20479135]
[0.18935695]
[0.18368284]
[0.1929444]
[0.2148918]
[0.24160005]
[0.26389268]
[0.27582315]
[0.27475628]
[0.2658188]
[0.26396248]
[0.28636396]
[0.3396549]
[0.41255778]
[0.48081148]
[0.51983863]
[0.5193074]
[0.4818211]
[0.42278692]
[0.36055928]
[0.3068058]
[-0.24017467]
[-0.23522604]
[-0.21933348]
[-0.1859555]
[-0.1304697]
[-0.05376504]
[0.03655111]
[0.12487896]
[0.1942767]
[0.23294166]
[0.24048826]
[0.22759315]
[0.20875463]
[0.19656135]
[0.19707103]
[0.20738627]
[0.21911465]
[0.22347881]
[0.21566322]
[0.19888377]
[0.18255748]
[0.17726955]
[0.18863277]
[0.21431375]
[0.24579835]
[0.27314574]
[0.28950086]
[0.29159772]
[0.2847324]
[0.28453568]
[0.30828422]
[0.36203796]
[0.43424988]
[0.50124735]
[0.53965926]
[0.5397668]
[0.5039971]
[0.44712037]
[0.3868274]
[0.3345178]
[-0.23466276]
[-0.22751564]
[-0.20889597]
[-0.17249702]
[-0.11427972]
[-0.03579785]
[0.05490404]
[0.14188546]
[0.20850213]
[0.243814]
[0.24855304]
[0.23398124]
[0.2142743]
[0.20151696]
[0.20115255]
[0.20989402]
[0.21944372]
[0.22153383]
[0.2118601]
[0.1937974]
[0.17679699]
[0.17178786]
[0.18477972]
[0.21343884]
[0.24884212]
[0.2803794]
[0.30029443]
[0.30473223]
[0.29922107]
[0.30015364]
[0.3250184]
[0.37936783]
[0.45126104]
[0.5173322]
[0.5551639]
[0.55557036]
[0.5209671]
[0.46571478]
[0.40696844]
[0.35588223]
